125007 4 109 20 705.40
125050 5 106 10 399.90
125066 4 109 130 4585.10
125073 5 106 50 1999.50
125304 3 104 10 308.70
125304 2 103 160 4134.40
125338 1 102 70 1683.50
125402 3 101 50 1543.50
125443 2 105 130 3359.20
125474 4 103 90 3174.30
125487 4 110 190 6701.30
125513 5 101 190 7598.10
125593 3 105 100 3087.00
125608 3 104 60 1852.20
125764 5 108 100 3999.00
125798 3 110 200 6174.00
125811 4 102 60 2116.20
125894 4 107 80 2821.60
125896 1 100 60 1443.00
125901 1 104 110 2645.50
0
