8 4 625.60
15 10 380.30
2 5 150.20
20 9 400.50
27 4 420.40
12 8 250.25
25 10 310.90
11 3 700.80
13 5 620.70
21 3 450.10
26 1 725.20
6 1 800.30
30 9 360.90
9 6 350.10
16 1 650.90
1 3 550.00
24 2 675.80
22 8 200.75
23 5 550.40
31 3 510.20
27 7 375.50
17 7 315.75
14 2 725.50
4 2 600.90
5 10 135.60
2 8 300.75
7 7 375.75
19 6 275.20
29 6 300.20
3 5 450.20
18 4 530.60
2 8 300.75
0

8 11 39 1
12 10 46 5
1 15 24 3
4 10 38 4
8 11 28 2
3 14 60 5
4 13 19 3
1 11 23 1
12 10 25 2
2 12 18 4
9 11 75 4
10 15 53 1
0   
